6735
00000
00011
00022
00033
00044
00055
00066
00077
00088
00099
00101
00110
00123
00132
00145
00154
00167
00176
00189
00198
00202
00213
00220
00231
00246
00257
00264
00275
00303
00312
00321
00330
00347
00356
00365
00374
00404
00415
00426
00437
00440
00451
00462
00473
00505
00514
00527
00536
00541
00550
00563
00572
00606
00617
00624
00635
00642
00653
00660
00671
00707
00716
00725
00734
00743
00752
00761
00770
00808
00819
00880
00891
00909
00918
00981
00990
01001
01010
01023
01032
01045
01054
01067
01076
01089
01098
01100
01111
01122
01133
01144
01155
01166
01177
01188
01199
01203
01212
01221
01230
01247
01256
01265
01274
01302
01313
01320
01331
01346
01357
01364
01375
01405
01414
01427
01436
01441
01450
01463
01472
01504
01515
01526
01537
01540
01551
01562
01573
01607
01616
01625
01634
01643
01652
01661
01670
01706
01717
01724
01735
01742
01753
01760
01771
01809
01818
01881
01890
01908
01919
01980
01991
02002
02013
02020
02031
02046
02057
02064
02075
02103
02112
02121
02130
02147
02156
02165
02174
02200
02211
02222
02233
02244
02255
02266
02277
02288
02299
02301
02310
02323
02332
02345
02354
02367
02376
02389
02398
02406
02417
02424
02435
02442
02453
02460
02471
02507
02516
02525
02534
02543
02552
02561
02570
02604
02615
02626
02637
02640
02651
02662
02673
02705
02714
02727
02736
02741
02750
02763
02772
02828
02839
02882
02893
02929
02938
02983
02992
03003
03012
03021
03030
03047
03056
03065
03074
03102
03113
03120
03131
03146
03157
03164
03175
03201
03210
03223
03232
03245
03254
03267
03276
03289
03298
03300
03311
03322
03333
03344
03355
03366
03377
03388
03399
03407
03416
03425
03434
03443
03452
03461
03470
03506
03517
03524
03535
03542
03553
03560
03571
03605
03614
03627
03636
03641
03650
03663
03672
03704
03715
03726
03737
03740
03751
03762
03773
03829
03838
03883
03892
03928
03939
03982
03993
04004
04015
04026
04037
04040
04051
04062
04073
04105
04114
04127
04136
04141
04150
04163
04172
04206
04217
04224
04235
04242
04253
04260
04271
04307
04316
04325
04334
04343
04352
04361
04370
04400
04411
04422
04433
04444
04455
04466
04477
04488
04499
04501
04510
04523
04532
04545
04554
04567
04576
04589
04598
04602
04613
04620
04631
04646
04657
04664
04675
04703
04712
04721
04730
04747
04756
04765
04774
04848
04859
04884
04895
04949
04958
04985
04994
05005
05014
05027
05036
05041
05050
05063
05072
05104
05115
05126
05137
05140
05151
05162
05173
05207
05216
05225
05234
05243
05252
05261
05270
05306
05317
05324
05335
05342
05353
05360
05371
05401
05410
05423
05432
05445
05454
05467
05476
05489
05498
05500
05511
05522
05533
05544
05555
05566
05577
05588
05599
05603
05612
05621
05630
05647
05656
05665
05674
05702
05713
05720
05731
05746
05757
05764
05775
05849
05858
05885
05894
05948
05959
05984
05995
06006
06017
06024
06035
06042
06053
06060
06071
06107
06116
06125
06134
06143
06152
06161
06170
06204
06215
06226
06237
06240
06251
06262
06273
06305
06314
06327
06336
06341
06350
06363
06372
06402
06413
06420
06431
06446
06457
06464
06475
06503
06512
06521
06530
06547
06556
06565
06574
06600
06611
06622
06633
06644
06655
06666
06677
06688
06699
06701
06710
06723
06732
06745
06754
06767
06776
06789
06798
06868
06879
06886
06897
06969
06978
06987
06996
07007
07016
07025
07034
07043
07052
07061
07070
07106
07117
07124
07135
07142
07153
07160
07171
07205
07214
07227
07236
07241
07250
07263
07272
07304
07315
07326
07337
07340
07351
07362
07373
07403
07412
07421
07430
07447
07456
07465
07474
07502
07513
07520
07531
07546
07557
07564
07575
07601
07610
07623
07632
07645
07654
07667
07676
07689
07698
07700
07711
07722
07733
07744
07755
07766
07777
07788
07799
07869
07878
07887
07896
07968
07979
07986
07997
08008
08019
08080
08091
08109
08118
08181
08190
08228
08239
08282
08293
08329
08338
08383
08392
08448
08459
08484
08495
08549
08558
08585
08594
08668
08679
08686
08697
08769
08778
08787
08796
08800
08811
08822
08833
08844
08855
08866
08877
08888
08899
08901
08910
08923
08932
08945
08954
08967
08976
08989
08998
09009
09018
09081
09090
09108
09119
09180
09191
09229
09238
09283
09292
09328
09339
09382
09393
09449
09458
09485
09494
09548
09559
09584
09595
09669
09678
09687
09696
09768
09779
09786
09797
09801
09810
09823
09832
09845
09854
09867
09876
09889
09898
09900
09911
09922
09933
09944
09955
09966
09977
09988
09999
10001
10010
10023
10032
10045
10054
10067
10076
10089
10098
10100
10111
10122
10133
10144
10155
10166
10177
10188
10199
10203
10212
10221
10230
10247
10256
10265
10274
10302
10313
10320
10331
10346
10357
10364
10375
10405
10414
10427
10436
10441
10450
10463
10472
10504
10515
10526
10537
10540
10551
10562
10573
10607
10616
10625
10634
10643
10652
10661
10670
10706
10717
10724
10735
10742
10753
10760
10771
10809
10818
10881
10890
10908
10919
10980
10991
11000
11011
11022
11033
11044
11055
11066
11077
11088
11099
11101
11110
11123
11132
11145
11154
11167
11176
11189
11198
11202
11213
11220
11231
11246
11257
11264
11275
11303
11312
11321
11330
11347
11356
11365
11374
11404
11415
11426
11437
11440
11451
11462
11473
11505
11514
11527
11536
11541
11550
11563
11572
11606
11617
11624
11635
11642
11653
11660
11671
11707
11716
11725
11734
11743
11752
11761
11770
11808
11819
11880
11891
11909
11918
11981
11990
12003
12012
12021
12030
12047
12056
12065
12074
12102
12113
12120
12131
12146
12157
12164
12175
12201
12210
12223
12232
12245
12254
12267
12276
12289
12298
12300
12311
12322
12333
12344
12355
12366
12377
12388
12399
12407
12416
12425
12434
12443
12452
12461
12470
12506
12517
12524
12535
12542
12553
12560
12571
12605
12614
12627
12636
12641
12650
12663
12672
12704
12715
12726
12737
12740
12751
12762
12773
12829
12838
12883
12892
12928
12939
12982
12993
13002
13013
13020
13031
13046
13057
13064
13075
13103
13112
13121
13130
13147
13156
13165
13174
13200
13211
13222
13233
13244
13255
13266
13277
13288
13299
13301
13310
13323
13332
13345
13354
13367
13376
13389
13398
13406
13417
13424
13435
13442
13453
13460
13471
13507
13516
13525
13534
13543
13552
13561
13570
13604
13615
13626
13637
13640
13651
13662
13673
13705
13714
13727
13736
13741
13750
13763
13772
13828
13839
13882
13893
13929
13938
13983
13992
14005
14014
14027
14036
14041
14050
14063
14072
14104
14115
14126
14137
14140
14151
14162
14173
14207
14216
14225
14234
14243
14252
14261
14270
14306
14317
14324
14335
14342
14353
14360
14371
14401
14410
14423
14432
14445
14454
14467
14476
14489
14498
14500
14511
14522
14533
14544
14555
14566
14577
14588
14599
14603
14612
14621
14630
14647
14656
14665
14674
14702
14713
14720
14731
14746
14757
14764
14775
14849
14858
14885
14894
14948
14959
14984
14995
15004
15015
15026
15037
15040
15051
15062
15073
15105
15114
15127
15136
15141
15150
15163
15172
15206
15217
15224
15235
15242
15253
15260
15271
15307
15316
15325
15334
15343
15352
15361
15370
15400
15411
15422
15433
15444
15455
15466
15477
15488
15499
15501
15510
15523
15532
15545
15554
15567
15576
15589
15598
15602
15613
15620
15631
15646
15657
15664
15675
15703
15712
15721
15730
15747
15756
15765
15774
15848
15859
15884
15895
15949
15958
15985
15994
16007
16016
16025
16034
16043
16052
16061
16070
16106
16117
16124
16135
16142
16153
16160
16171
16205
16214
16227
16236
16241
16250
16263
16272
16304
16315
16326
16337
16340
16351
16362
16373
16403
16412
16421
16430
16447
16456
16465
16474
16502
16513
16520
16531
16546
16557
16564
16575
16601
16610
16623
16632
16645
16654
16667
16676
16689
16698
16700
16711
16722
16733
16744
16755
16766
16777
16788
16799
16869
16878
16887
16896
16968
16979
16986
16997
17006
17017
17024
17035
17042
17053
17060
17071
17107
17116
17125
17134
17143
17152
17161
17170
17204
17215
17226
17237
17240
17251
17262
17273
17305
17314
17327
17336
17341
17350
17363
17372
17402
17413
17420
17431
17446
17457
17464
17475
17503
17512
17521
17530
17547
17556
17565
17574
17600
17611
17622
17633
17644
17655
17666
17677
17688
17699
17701
17710
17723
17732
17745
17754
17767
17776
17789
17798
17868
17879
17886
17897
17969
17978
17987
17996
18009
18018
18081
18090
18108
18119
18180
18191
18229
18238
18283
18292
18328
18339
18382
18393
18449
18458
18485
18494
18548
18559
18584
18595
18669
18678
18687
18696
18768
18779
18786
18797
18801
18810
18823
18832
18845
18854
18867
18876
18889
18898
18900
18911
18922
18933
18944
18955
18966
18977
18988
18999
19008
19019
19080
19091
19109
19118
19181
19190
19228
19239
19282
19293
19329
19338
19383
19392
19448
19459
19484
19495
19549
19558
19585
19594
19668
19679
19686
19697
19769
19778
19787
19796
19800
19811
19822
19833
19844
19855
19866
19877
19888
19899
19901
19910
19923
19932
19945
19954
19967
19976
19989
19998
20002
20013
20020
20031
20046
20057
20064
20075
20103
20112
20121
20130
20147
20156
20165
20174
20200
20211
20222
20233
20244
20255
20266
20277
20288
20299
20301
20310
20323
20332
20345
20354
20367
20376
20389
20398
20406
20417
20424
20435
20442
20453
20460
20471
20507
20516
20525
20534
20543
20552
20561
20570
20604
20615
20626
20637
20640
20651
20662
20673
20705
20714
20727
20736
20741
20750
20763
20772
20828
20839
20882
20893
20929
20938
20983
20992
21003
21012
21021
21030
21047
21056
21065
21074
21102
21113
21120
21131
21146
21157
21164
21175
21201
21210
21223
21232
21245
21254
21267
21276
21289
21298
21300
21311
21322
21333
21344
21355
21366
21377
21388
21399
21407
21416
21425
21434
21443
21452
21461
21470
21506
21517
21524
21535
21542
21553
21560
21571
21605
21614
21627
21636
21641
21650
21663
21672
21704
21715
21726
21737
21740
21751
21762
21773
21829
21838
21883
21892
21928
21939
21982
21993
22000
22011
22022
22033
22044
22055
22066
22077
22088
22099
22101
22110
22123
22132
22145
22154
22167
22176
22189
22198
22202
22213
22220
22231
22246
22257
22264
22275
22303
22312
22321
22330
22347
22356
22365
22374
22404
22415
22426
22437
22440
22451
22462
22473
22505
22514
22527
22536
22541
22550
22563
22572
22606
22617
22624
22635
22642
22653
22660
22671
22707
22716
22725
22734
22743
22752
22761
22770
22808
22819
22880
22891
22909
22918
22981
22990
23001
23010
23023
23032
23045
23054
23067
23076
23089
23098
23100
23111
23122
23133
23144
23155
23166
23177
23188
23199
23203
23212
23221
23230
23247
23256
23265
23274
23302
23313
23320
23331
23346
23357
23364
23375
23405
23414
23427
23436
23441
23450
23463
23472
23504
23515
23526
23537
23540
23551
23562
23573
23607
23616
23625
23634
23643
23652
23661
23670
23706
23717
23724
23735
23742
23753
23760
23771
23809
23818
23881
23890
23908
23919
23980
23991
24006
24017
24024
24035
24042
24053
24060
24071
24107
24116
24125
24134
24143
24152
24161
24170
24204
24215
24226
24237
24240
24251
24262
24273
24305
24314
24327
24336
24341
24350
24363
24372
24402
24413
24420
24431
24446
24457
24464
24475
24503
24512
24521
24530
24547
24556
24565
24574
24600
24611
24622
24633
24644
24655
24666
24677
24688
24699
24701
24710
24723
24732
24745
24754
24767
24776
24789
24798
24868
24879
24886
24897
24969
24978
24987
24996
25007
25016
25025
25034
25043
25052
25061
25070
25106
25117
25124
25135
25142
25153
25160
25171
25205
25214
25227
25236
25241
25250
25263
25272
25304
25315
25326
25337
25340
25351
25362
25373
25403
25412
25421
25430
25447
25456
25465
25474
25502
25513
25520
25531
25546
25557
25564
25575
25601
25610
25623
25632
25645
25654
25667
25676
25689
25698
25700
25711
25722
25733
25744
25755
25766
25777
25788
25799
25869
25878
25887
25896
25968
25979
25986
25997
26004
26015
26026
26037
26040
26051
26062
26073
26105
26114
26127
26136
26141
26150
26163
26172
26206
26217
26224
26235
26242
26253
26260
26271
26307
26316
26325
26334
26343
26352
26361
26370
26400
26411
26422
26433
26444
26455
26466
26477
26488
26499
26501
26510
26523
26532
26545
26554
26567
26576
26589
26598
26602
26613
26620
26631
26646
26657
26664
26675
26703
26712
26721
26730
26747
26756
26765
26774
26848
26859
26884
26895
26949
26958
26985
26994
27005
27014
27027
27036
27041
27050
27063
27072
27104
27115
27126
27137
27140
27151
27162
27173
27207
27216
27225
27234
27243
27252
27261
27270
27306
27317
27324
27335
27342
27353
27360
27371
27401
27410
27423
27432
27445
27454
27467
27476
27489
27498
27500
27511
27522
27533
27544
27555
27566
27577
27588
27599
27603
27612
27621
27630
27647
27656
27665
27674
27702
27713
27720
27731
27746
27757
27764
27775
27849
27858
27885
27894
27948
27959
27984
27995
28028
28039
28082
28093
28129
28138
28183
28192
28208
28219
28280
28291
28309
28318
28381
28390
28468
28479
28486
28497
28569
28578
28587
28596
28648
28659
28684
28695
28749
28758
28785
28794
28802
28813
28820
28831
28846
28857
28864
28875
28903
28912
28921
28930
28947
28956
28965
28974
29029
29038
29083
29092
29128
29139
29182
29193
29209
29218
29281
29290
29308
29319
29380
29391
29469
29478
29487
29496
29568
29579
29586
29597
29649
29658
29685
29694
29748
29759
29784
29795
29803
29812
29821
29830
29847
29856
29865
29874
29902
29913
29920
29931
29946
29957
29964
29975
30003
30012
30021
30030
30047
30056
30065
30074
30102
30113
30120
30131
30146
30157
30164
30175
30201
30210
30223
30232
30245
30254
30267
30276
30289
30298
30300
30311
30322
30333
30344
30355
30366
30377
30388
30399
30407
30416
30425
30434
30443
30452
30461
30470
30506
30517
30524
30535
30542
30553
30560
30571
30605
30614
30627
30636
30641
30650
30663
30672
30704
30715
30726
30737
30740
30751
30762
30773
30829
30838
30883
30892
30928
30939
30982
30993
31002
31013
31020
31031
31046
31057
31064
31075
31103
31112
31121
31130
31147
31156
31165
31174
31200
31211
31222
31233
31244
31255
31266
31277
31288
31299
31301
31310
31323
31332
31345
31354
31367
31376
31389
31398
31406
31417
31424
31435
31442
31453
31460
31471
31507
31516
31525
31534
31543
31552
31561
31570
31604
31615
31626
31637
31640
31651
31662
31673
31705
31714
31727
31736
31741
31750
31763
31772
31828
31839
31882
31893
31929
31938
31983
31992
32001
32010
32023
32032
32045
32054
32067
32076
32089
32098
32100
32111
32122
32133
32144
32155
32166
32177
32188
32199
32203
32212
32221
32230
32247
32256
32265
32274
32302
32313
32320
32331
32346
32357
32364
32375
32405
32414
32427
32436
32441
32450
32463
32472
32504
32515
32526
32537
32540
32551
32562
32573
32607
32616
32625
32634
32643
32652
32661
32670
32706
32717
32724
32735
32742
32753
32760
32771
32809
32818
32881
32890
32908
32919
32980
32991
33000
33011
33022
33033
33044
33055
33066
33077
33088
33099
33101
33110
33123
33132
33145
33154
33167
33176
33189
33198
33202
33213
33220
33231
33246
33257
33264
33275
33303
33312
33321
33330
33347
33356
33365
33374
33404
33415
33426
33437
33440
33451
33462
33473
33505
33514
33527
33536
33541
33550
33563
33572
33606
33617
33624
33635
33642
33653
33660
33671
33707
33716
33725
33734
33743
33752
33761
33770
33808
33819
33880
33891
33909
33918
33981
33990
34007
34016
34025
34034
34043
34052
34061
34070
34106
34117
34124
34135
34142
34153
34160
34171
34205
34214
34227
34236
34241
34250
34263
34272
34304
34315
34326
34337
34340
34351
34362
34373
34403
34412
34421
34430
34447
34456
34465
34474
34502
34513
34520
34531
34546
34557
34564
34575
34601
34610
34623
34632
34645
34654
34667
34676
34689
34698
34700
34711
34722
34733
34744
34755
34766
34777
34788
34799
34869
34878
34887
34896
34968
34979
34986
34997
35006
35017
35024
35035
35042
35053
35060
35071
35107
35116
35125
35134
35143
35152
35161
35170
35204
35215
35226
35237
35240
35251
35262
35273
35305
35314
35327
35336
35341
35350
35363
35372
35402
35413
35420
35431
35446
35457
35464
35475
35503
35512
35521
35530
35547
35556
35565
35574
35600
35611
35622
35633
35644
35655
35666
35677
35688
35699
35701
35710
35723
35732
35745
35754
35767
35776
35789
35798
35868
35879
35886
35897
35969
35978
35987
35996
36005
36014
36027
36036
36041
36050
36063
36072
36104
36115
36126
36137
36140
36151
36162
36173
36207
36216
36225
36234
36243
36252
36261
36270
36306
36317
36324
36335
36342
36353
36360
36371
36401
36410
36423
36432
36445
36454
36467
36476
36489
36498
36500
36511
36522
36533
36544
36555
36566
36577
36588
36599
36603
36612
36621
36630
36647
36656
36665
36674
36702
36713
36720
36731
36746
36757
36764
36775
36849
36858
36885
36894
36948
36959
36984
36995
37004
37015
37026
37037
37040
37051
37062
37073
37105
37114
37127
37136
37141
37150
37163
37172
37206
37217
37224
37235
37242
37253
37260
37271
37307
37316
37325
37334
37343
37352
37361
37370
37400
37411
37422
37433
37444
37455
37466
37477
37488
37499
37501
37510
37523
37532
37545
37554
37567
37576
37589
37598
37602
37613
37620
37631
37646
37657
37664
37675
37703
37712
37721
37730
37747
37756
37765
37774
37848
37859
37884
37895
37949
37958
37985
37994
38029
38038
38083
38092
38128
38139
38182
38193
38209
38218
38281
38290
38308
38319
38380
38391
38469
38478
38487
38496
38568
38579
38586
38597
38649
38658
38685
38694
38748
38759
38784
38795
38803
38812
38821
38830
38847
38856
38865
38874
38902
38913
38920
38931
38946
38957
38964
38975
39028
39039
39082
39093
39129
39138
39183
39192
39208
39219
39280
39291
39309
39318
39381
39390
39468
39479
39486
39497
39569
39578
39587
39596
39648
39659
39684
39695
39749
39758
39785
39794
39802
39813
39820
39831
39846
39857
39864
39875
39903
39912
39921
39930
39947
39956
39965
39974
40004
40015
40026
40037
40040
40051
40062
40073
40105
40114
40127
40136
40141
40150
40163
40172
40206
40217
40224
40235
40242
40253
40260
40271
40307
40316
40325
40334
40343
40352
40361
40370
40400
40411
40422
40433
40444
40455
40466
40477
40488
40499
40501
40510
40523
40532
40545
40554
40567
40576
40589
40598
40602
40613
40620
40631
40646
40657
40664
40675
40703
40712
40721
40730
40747
40756
40765
40774
40848
40859
40884
40895
40949
40958
40985
40994
41005
41014
41027
41036
41041
41050
41063
41072
41104
41115
41126
41137
41140
41151
41162
41173
41207
41216
41225
41234
41243
41252
41261
41270
41306
41317
41324
41335
41342
41353
41360
41371
41401
41410
41423
41432
41445
41454
41467
41476
41489
41498
41500
41511
41522
41533
41544
41555
41566
41577
41588
41599
41603
41612
41621
41630
41647
41656
41665
41674
41702
41713
41720
41731
41746
41757
41764
41775
41849
41858
41885
41894
41948
41959
41984
41995
42006
42017
42024
42035
42042
42053
42060
42071
42107
42116
42125
42134
42143
42152
42161
42170
42204
42215
42226
42237
42240
42251
42262
42273
42305
42314
42327
42336
42341
42350
42363
42372
42402
42413
42420
42431
42446
42457
42464
42475
42503
42512
42521
42530
42547
42556
42565
42574
42600
42611
42622
42633
42644
42655
42666
42677
42688
42699
42701
42710
42723
42732
42745
42754
42767
42776
42789
42798
42868
42879
42886
42897
42969
42978
42987
42996
43007
43016
43025
43034
43043
43052
43061
43070
43106
43117
43124
43135
43142
43153
43160
43171
43205
43214
43227
43236
43241
43250
43263
43272
43304
43315
43326
43337
43340
43351
43362
43373
43403
43412
43421
43430
43447
43456
43465
43474
43502
43513
43520
43531
43546
43557
43564
43575
43601
43610
43623
43632
43645
43654
43667
43676
43689
43698
43700
43711
43722
43733
43744
43755
43766
43777
43788
43799
43869
43878
43887
43896
43968
43979
43986
43997
44000
44011
44022
44033
44044
44055
44066
44077
44088
44099
44101
44110
44123
44132
44145
44154
44167
44176
44189
44198
44202
44213
44220
44231
44246
44257
44264
44275
44303
44312
44321
44330
44347
44356
44365
44374
44404
44415
44426
44437
44440
44451
44462
44473
44505
44514
44527
44536
44541
44550
44563
44572
44606
44617
44624
44635
44642
44653
44660
44671
44707
44716
44725
44734
44743
44752
44761
44770
44808
44819
44880
44891
44909
44918
44981
44990
45001
45010
45023
45032
45045
45054
45067
45076
45089
45098
45100
45111
45122
45133
45144
45155
45166
45177
45188
45199
45203
45212
45221
45230
45247
45256
45265
45274
45302
45313
45320
45331
45346
45357
45364
45375
45405
45414
45427
45436
45441
45450
45463
45472
45504
45515
45526
45537
45540
45551
45562
45573
45607
45616
45625
45634
45643
45652
45661
45670
45706
45717
45724
45735
45742
45753
45760
45771
45809
45818
45881
45890
45908
45919
45980
45991
46002
46013
46020
46031
46046
46057
46064
46075
46103
46112
46121
46130
46147
46156
46165
46174
46200
46211
46222
46233
46244
46255
46266
46277
46288
46299
46301
46310
46323
46332
46345
46354
46367
46376
46389
46398
46406
46417
46424
46435
46442
46453
46460
46471
46507
46516
46525
46534
46543
46552
46561
46570
46604
46615
46626
46637
46640
46651
46662
46673
46705
46714
46727
46736
46741
46750
46763
46772
46828
46839
46882
46893
46929
46938
46983
46992
47003
47012
47021
47030
47047
47056
47065
47074
47102
47113
47120
47131
47146
47157
47164
47175
47201
47210
47223
47232
47245
47254
47267
47276
47289
47298
47300
47311
47322
47333
47344
47355
47366
47377
47388
47399
47407
47416
47425
47434
47443
47452
47461
47470
47506
47517
47524
47535
47542
47553
47560
47571
47605
47614
47627
47636
47641
47650
47663
47672
47704
47715
47726
47737
47740
47751
47762
47773
47829
47838
47883
47892
47928
47939
47982
47993
48048
48059
48084
48095
48149
48158
48185
48194
48268
48279
48286
48297
48369
48378
48387
48396
48408
48419
48480
48491
48509
48518
48581
48590
48628
48639
48682
48693
48729
48738
48783
48792
48804
48815
48826
48837
48840
48851
48862
48873
48905
48914
48927
48936
48941
48950
48963
48972
49049
49058
49085
49094
49148
49159
49184
49195
49269
49278
49287
49296
49368
49379
49386
49397
49409
49418
49481
49490
49508
49519
49580
49591
49629
49638
49683
49692
49728
49739
49782
49793
49805
49814
49827
49836
49841
49850
49863
49872
49904
49915
49926
49937
49940
49951
49962
49973
50005
50014
50027
50036
50041
50050
50063
50072
50104
50115
50126
50137
50140
50151
50162
50173
50207
50216
50225
50234
50243
50252
50261
50270
50306
50317
50324
50335
50342
50353
50360
50371
50401
50410
50423
50432
50445
50454
50467
50476
50489
50498
50500
50511
50522
50533
50544
50555
50566
50577
50588
50599
50603
50612
50621
50630
50647
50656
50665
50674
50702
50713
50720
50731
50746
50757
50764
50775
50849
50858
50885
50894
50948
50959
50984
50995
51004
51015
51026
51037
51040
51051
51062
51073
51105
51114
51127
51136
51141
51150
51163
51172
51206
51217
51224
51235
51242
51253
51260
51271
51307
51316
51325
51334
51343
51352
51361
51370
51400
51411
51422
51433
51444
51455
51466
51477
51488
51499
51501
51510
51523
51532
51545
51554
51567
51576
51589
51598
51602
51613
51620
51631
51646
51657
51664
51675
51703
51712
51721
51730
51747
51756
51765
51774
51848
51859
51884
51895
51949
51958
51985
51994
52007
52016
52025
52034
52043
52052
52061
52070
52106
52117
52124
52135
52142
52153
52160
52171
52205
52214
52227
52236
52241
52250
52263
52272
52304
52315
52326
52337
52340
52351
52362
52373
52403
52412
52421
52430
52447
52456
52465
52474
52502
52513
52520
52531
52546
52557
52564
52575
52601
52610
52623
52632
52645
52654
52667
52676
52689
52698
52700
52711
52722
52733
52744
52755
52766
52777
52788
52799
52869
52878
52887
52896
52968
52979
52986
52997
53006
53017
53024
53035
53042
53053
53060
53071
53107
53116
53125
53134
53143
53152
53161
53170
53204
53215
53226
53237
53240
53251
53262
53273
53305
53314
53327
53336
53341
53350
53363
53372
53402
53413
53420
53431
53446
53457
53464
53475
53503
53512
53521
53530
53547
53556
53565
53574
53600
53611
53622
53633
53644
53655
53666
53677
53688
53699
53701
53710
53723
53732
53745
53754
53767
53776
53789
53798
53868
53879
53886
53897
53969
53978
53987
53996
54001
54010
54023
54032
54045
54054
54067
54076
54089
54098
54100
54111
54122
54133
54144
54155
54166
54177
54188
54199
54203
54212
54221
54230
54247
54256
54265
54274
54302
54313
54320
54331
54346
54357
54364
54375
54405
54414
54427
54436
54441
54450
54463
54472
54504
54515
54526
54537
54540
54551
54562
54573
54607
54616
54625
54634
54643
54652
54661
54670
54706
54717
54724
54735
54742
54753
54760
54771
54809
54818
54881
54890
54908
54919
54980
54991
55000
55011
55022
55033
55044
55055
55066
55077
55088
55099
55101
55110
55123
55132
55145
55154
55167
55176
55189
55198
55202
55213
55220
55231
55246
55257
55264
55275
55303
55312
55321
55330
55347
55356
55365
55374
55404
55415
55426
55437
55440
55451
55462
55473
55505
55514
55527
55536
55541
55550
55563
55572
55606
55617
55624
55635
55642
55653
55660
55671
55707
55716
55725
55734
55743
55752
55761
55770
55808
55819
55880
55891
55909
55918
55981
55990
56003
56012
56021
56030
56047
56056
56065
56074
56102
56113
56120
56131
56146
56157
56164
56175
56201
56210
56223
56232
56245
56254
56267
56276
56289
56298
56300
56311
56322
56333
56344
56355
56366
56377
56388
56399
56407
56416
56425
56434
56443
56452
56461
56470
56506
56517
56524
56535
56542
56553
56560
56571
56605
56614
56627
56636
56641
56650
56663
56672
56704
56715
56726
56737
56740
56751
56762
56773
56829
56838
56883
56892
56928
56939
56982
56993
57002
57013
57020
57031
57046
57057
57064
57075
57103
57112
57121
57130
57147
57156
57165
57174
57200
57211
57222
57233
57244
57255
57266
57277
57288
57299
57301
57310
57323
57332
57345
57354
57367
57376
57389
57398
57406
57417
57424
57435
57442
57453
57460
57471
57507
57516
57525
57534
57543
57552
57561
57570
57604
57615
57626
57637
57640
57651
57662
57673
57705
57714
57727
57736
57741
57750
57763
57772
57828
57839
57882
57893
57929
57938
57983
57992
58049
58058
58085
58094
58148
58159
58184
58195
58269
58278
58287
58296
58368
58379
58386
58397
58409
58418
58481
58490
58508
58519
58580
58591
58629
58638
58683
58692
58728
58739
58782
58793
58805
58814
58827
58836
58841
58850
58863
58872
58904
58915
58926
58937
58940
58951
58962
58973
59048
59059
59084
59095
59149
59158
59185
59194
59268
59279
59286
59297
59369
59378
59387
59396
59408
59419
59480
59491
59509
59518
59581
59590
59628
59639
59682
59693
59729
59738
59783
59792
59804
59815
59826
59837
59840
59851
59862
59873
59905
59914
59927
59936
59941
59950
59963
59972
60006
60017
60024
60035
60042
60053
60060
60071
60107
60116
60125
60134
60143
60152
60161
60170
60204
60215
60226
60237
60240
60251
60262
60273
60305
60314
60327
60336
60341
60350
60363
60372
60402
60413
60420
60431
60446
60457
60464
60475
60503
60512
60521
60530
60547
60556
60565
60574
60600
60611
60622
60633
60644
60655
60666
60677
60688
60699
60701
60710
60723
60732
60745
60754
60767
60776
60789
60798
60868
60879
60886
60897
60969
60978
60987
60996
61007
61016
61025
61034
61043
61052
61061
61070
61106
61117
61124
61135
61142
61153
61160
61171
61205
61214
61227
61236
61241
61250
61263
61272
61304
61315
61326
61337
61340
61351
61362
61373
61403
61412
61421
61430
61447
61456
61465
61474
61502
61513
61520
61531
61546
61557
61564
61575
61601
61610
61623
61632
61645
61654
61667
61676
61689
61698
61700
61711
61722
61733
61744
61755
61766
61777
61788
61799
61869
61878
61887
61896
61968
61979
61986
61997
62004
62015
62026
62037
62040
62051
62062
62073
62105
62114
62127
62136
62141
62150
62163
62172
62206
62217
62224
62235
62242
62253
62260
62271
62307
62316
62325
62334
62343
62352
62361
62370
62400
62411
62422
62433
62444
62455
62466
62477
62488
62499
62501
62510
62523
62532
62545
62554
62567
62576
62589
62598
62602
62613
62620
62631
62646
62657
62664
62675
62703
62712
62721
62730
62747
62756
62765
62774
62848
62859
62884
62895
62949
62958
62985
62994
63005
63014
63027
63036
63041
63050
63063
63072
63104
63115
63126
63137
63140
63151
63162
63173
63207
63216
63225
63234
63243
63252
63261
63270
63306
63317
63324
63335
63342
63353
63360
63371
63401
63410
63423
63432
63445
63454
63467
63476
63489
63498
63500
63511
63522
63533
63544
63555
63566
63577
63588
63599
63603
63612
63621
63630
63647
63656
63665
63674
63702
63713
63720
63731
63746
63757
63764
63775
63849
63858
63885
63894
63948
63959
63984
63995
64002
64013
64020
64031
64046
64057
64064
64075
64103
64112
64121
64130
64147
64156
64165
64174
64200
64211
64222
64233
64244
64255
64266
64277
64288
64299
64301
64310
64323
64332
64345
64354
64367
64376
64389
64398
64406
64417
64424
64435
64442
64453
64460
64471
64507
64516
64525
64534
64543
64552
64561
64570
64604
64615
64626
64637
64640
64651
64662
64673
64705
64714
64727
64736
64741
64750
64763
64772
64828
64839
64882
64893
64929
64938
64983
64992
65003
65012
65021
65030
65047
65056
65065
65074
65102
65113
65120
65131
65146
65157
65164
65175
65201
65210
65223
65232
65245
65254
65267
65276
65289
65298
65300
65311
65322
65333
65344
65355
65366
65377
65388
65399
65407
65416
65425
65434
65443
65452
65461
65470
65506
65517
65524
65535
65542
65553
65560
65571
65605
65614
65627
65636
65641
65650
65663
65672
65704
65715
65726
65737
65740
65751
65762
65773
65829
65838
65883
65892
65928
65939
65982
65993
66000
66011
66022
66033
66044
66055
66066
66077
66088
66099
66101
66110
66123
66132
66145
66154
66167
66176
66189
66198
66202
66213
66220
66231
66246
66257
66264
66275
66303
66312
66321
66330
66347
66356
66365
66374
66404
66415
66426
66437
66440
66451
66462
66473
66505
66514
66527
66536
66541
66550
66563
66572
66606
66617
66624
66635
66642
66653
66660
66671
66707
66716
66725
66734
66743
66752
66761
66770
66808
66819
66880
66891
66909
66918
66981
66990
67001
67010
67023
67032
67045
67054
67067
67076
67089
67098
67100
67111
67122
67133
67144
67155
67166
67177
67188
67199
67203
67212
67221
67230
67247
67256
67265
67274
67302
67313
67320
67331
67346
67357
67364
67375
67405
67414
67427
67436
67441
67450
67463
67472
67504
67515
67526
67537
67540
67551
67562
67573
67607
67616
67625
67634
67643
67652
67661
67670
67706
67717
67724
67735
67742
67753
67760
67771
67809
67818
67881
67890
67908
67919
67980
67991
68068
68079
68086
68097
68169
68178
68187
68196
68248
68259
68284
68295
68349
68358
68385
68394
68428
68439
68482
68493
68529
68538
68583
68592
68608
68619
68680
68691
68709
68718
68781
68790
68806
68817
68824
68835
68842
68853
68860
68871
68907
68916
68925
68934
68943
68952
68961
68970
69069
69078
69087
69096
69168
69179
69186
69197
69249
69258
69285
69294
69348
69359
69384
69395
69429
69438
69483
69492
69528
69539
69582
69593
69609
69618
69681
69690
69708
69719
69780
69791
69807
69816
69825
69834
69843
69852
69861
69870
69906
69917
69924
69935
69942
69953
69960
69971
70007
70016
70025
70034
70043
70052
70061
70070
70106
70117
70124
70135
70142
70153
70160
70171
70205
70214
70227
70236
70241
70250
70263
70272
70304
70315
70326
70337
70340
70351
70362
70373
70403
70412
70421
70430
70447
70456
70465
70474
70502
70513
70520
70531
70546
70557
70564
70575
70601
70610
70623
70632
70645
70654
70667
70676
70689
70698
70700
70711
70722
70733
70744
70755
70766
70777
70788
70799
70869
70878
70887
70896
70968
70979
70986
70997
71006
71017
71024
71035
71042
71053
71060
71071
71107
71116
71125
71134
71143
71152
71161
71170
71204
71215
71226
71237
71240
71251
71262
71273
71305
71314
71327
71336
71341
71350
71363
71372
71402
71413
71420
71431
71446
71457
71464
71475
71503
71512
71521
71530
71547
71556
71565
71574
71600
71611
71622
71633
71644
71655
71666
71677
71688
71699
71701
71710
71723
71732
71745
71754
71767
71776
71789
71798
71868
71879
71886
71897
71969
71978
71987
71996
72005
72014
72027
72036
72041
72050
72063
72072
72104
72115
72126
72137
72140
72151
72162
72173
72207
72216
72225
72234
72243
72252
72261
72270
72306
72317
72324
72335
72342
72353
72360
72371
72401
72410
72423
72432
72445
72454
72467
72476
72489
72498
72500
72511
72522
72533
72544
72555
72566
72577
72588
72599
72603
72612
72621
72630
72647
72656
72665
72674
72702
72713
72720
72731
72746
72757
72764
72775
72849
72858
72885
72894
72948
72959
72984
72995
73004
73015
73026
73037
73040
73051
73062
73073
73105
73114
73127
73136
73141
73150
73163
73172
73206
73217
73224
73235
73242
73253
73260
73271
73307
73316
73325
73334
73343
73352
73361
73370
73400
73411
73422
73433
73444
73455
73466
73477
73488
73499
73501
73510
73523
73532
73545
73554
73567
73576
73589
73598
73602
73613
73620
73631
73646
73657
73664
73675
73703
73712
73721
73730
73747
73756
73765
73774
73848
73859
73884
73895
73949
73958
73985
73994
74003
74012
74021
74030
74047
74056
74065
74074
74102
74113
74120
74131
74146
74157
74164
74175
74201
74210
74223
74232
74245
74254
74267
74276
74289
74298
74300
74311
74322
74333
74344
74355
74366
74377
74388
74399
74407
74416
74425
74434
74443
74452
74461
74470
74506
74517
74524
74535
74542
74553
74560
74571
74605
74614
74627
74636
74641
74650
74663
74672
74704
74715
74726
74737
74740
74751
74762
74773
74829
74838
74883
74892
74928
74939
74982
74993
75002
75013
75020
75031
75046
75057
75064
75075
75103
75112
75121
75130
75147
75156
75165
75174
75200
75211
75222
75233
75244
75255
75266
75277
75288
75299
75301
75310
75323
75332
75345
75354
75367
75376
75389
75398
75406
75417
75424
75435
75442
75453
75460
75471
75507
75516
75525
75534
75543
75552
75561
75570
75604
75615
75626
75637
75640
75651
75662
75673
75705
75714
75727
75736
75741
75750
75763
75772
75828
75839
75882
75893
75929
75938
75983
75992
76001
76010
76023
76032
76045
76054
76067
76076
76089
76098
76100
76111
76122
76133
76144
76155
76166
76177
76188
76199
76203
76212
76221
76230
76247
76256
76265
76274
76302
76313
76320
76331
76346
76357
76364
76375
76405
76414
76427
76436
76441
76450
76463
76472
76504
76515
76526
76537
76540
76551
76562
76573
76607
76616
76625
76634
76643
76652
76661
76670
76706
76717
76724
76735
76742
76753
76760
76771
76809
76818
76881
76890
76908
76919
76980
76991
77000
77011
77022
77033
77044
77055
77066
77077
77088
77099
77101
77110
77123
77132
77145
77154
77167
77176
77189
77198
77202
77213
77220
77231
77246
77257
77264
77275
77303
77312
77321
77330
77347
77356
77365
77374
77404
77415
77426
77437
77440
77451
77462
77473
77505
77514
77527
77536
77541
77550
77563
77572
77606
77617
77624
77635
77642
77653
77660
77671
77707
77716
77725
77734
77743
77752
77761
77770
77808
77819
77880
77891
77909
77918
77981
77990
78069
78078
78087
78096
78168
78179
78186
78197
78249
78258
78285
78294
78348
78359
78384
78395
78429
78438
78483
78492
78528
78539
78582
78593
78609
78618
78681
78690
78708
78719
78780
78791
78807
78816
78825
78834
78843
78852
78861
78870
78906
78917
78924
78935
78942
78953
78960
78971
79068
79079
79086
79097
79169
79178
79187
79196
79248
79259
79284
79295
79349
79358
79385
79394
79428
79439
79482
79493
79529
79538
79583
79592
79608
79619
79680
79691
79709
79718
79781
79790
79806
79817
79824
79835
79842
79853
79860
79871
79907
79916
79925
79934
79943
79952
79961
79970
80008
80019
80080
80091
80109
80118
80181
80190
80228
80239
80282
80293
80329
80338
80383
80392
80448
80459
80484
80495
80549
80558
80585
80594
80668
80679
80686
80697
80769
80778
80787
80796
80800
80811
80822
80833
80844
80855
80866
80877
80888
80899
80901
80910
80923
80932
80945
80954
80967
80976
80989
80998
81009
81018
81081
81090
81108
81119
81180
81191
81229
81238
81283
81292
81328
81339
81382
81393
81449
81458
81485
81494
81548
81559
81584
81595
81669
81678
81687
81696
81768
81779
81786
81797
81801
81810
81823
81832
81845
81854
81867
81876
81889
81898
81900
81911
81922
81933
81944
81955
81966
81977
81988
81999
82028
82039
82082
82093
82129
82138
82183
82192
82208
82219
82280
82291
82309
82318
82381
82390
82468
82479
82486
82497
82569
82578
82587
82596
82648
82659
82684
82695
82749
82758
82785
82794
82802
82813
82820
82831
82846
82857
82864
82875
82903
82912
82921
82930
82947
82956
82965
82974
83029
83038
83083
83092
83128
83139
83182
83193
83209
83218
83281
83290
83308
83319
83380
83391
83469
83478
83487
83496
83568
83579
83586
83597
83649
83658
83685
83694
83748
83759
83784
83795
83803
83812
83821
83830
83847
83856
83865
83874
83902
83913
83920
83931
83946
83957
83964
83975
84048
84059
84084
84095
84149
84158
84185
84194
84268
84279
84286
84297
84369
84378
84387
84396
84408
84419
84480
84491
84509
84518
84581
84590
84628
84639
84682
84693
84729
84738
84783
84792
84804
84815
84826
84837
84840
84851
84862
84873
84905
84914
84927
84936
84941
84950
84963
84972
85049
85058
85085
85094
85148
85159
85184
85195
85269
85278
85287
85296
85368
85379
85386
85397
85409
85418
85481
85490
85508
85519
85580
85591
85629
85638
85683
85692
85728
85739
85782
85793
85805
85814
85827
85836
85841
85850
85863
85872
85904
85915
85926
85937
85940
85951
85962
85973
86068
86079
86086
86097
86169
86178
86187
86196
86248
86259
86284
86295
86349
86358
86385
86394
86428
86439
86482
86493
86529
86538
86583
86592
86608
86619
86680
86691
86709
86718
86781
86790
86806
86817
86824
86835
86842
86853
86860
86871
86907
86916
86925
86934
86943
86952
86961
86970
87069
87078
87087
87096
87168
87179
87186
87197
87249
87258
87285
87294
87348
87359
87384
87395
87429
87438
87483
87492
87528
87539
87582
87593
87609
87618
87681
87690
87708
87719
87780
87791
87807
87816
87825
87834
87843
87852
87861
87870
87906
87917
87924
87935
87942
87953
87960
87971
88000
88011
88022
88033
88044
88055
88066
88077
88088
88099
88101
88110
88123
88132
88145
88154
88167
88176
88189
88198
88202
88213
88220
88231
88246
88257
88264
88275
88303
88312
88321
88330
88347
88356
88365
88374
88404
88415
88426
88437
88440
88451
88462
88473
88505
88514
88527
88536
88541
88550
88563
88572
88606
88617
88624
88635
88642
88653
88660
88671
88707
88716
88725
88734
88743
88752
88761
88770
88808
88819
88880
88891
88909
88918
88981
88990
89001
89010
89023
89032
89045
89054
89067
89076
89089
89098
89100
89111
89122
89133
89144
89155
89166
89177
89188
89199
89203
89212
89221
89230
89247
89256
89265
89274
89302
89313
89320
89331
89346
89357
89364
89375
89405
89414
89427
89436
89441
89450
89463
89472
89504
89515
89526
89537
89540
89551
89562
89573
89607
89616
89625
89634
89643
89652
89661
89670
89706
89717
89724
89735
89742
89753
89760
89771
89809
89818
89881
89890
89908
89919
89980
89991
90009
90018
90081
90090
90108
90119
90180
90191
90229
90238
90283
90292
90328
90339
90382
90393
90449
90458
90485
90494
90548
90559
90584
90595
90669
90678
90687
90696
90768
90779
90786
90797
90801
90810
90823
90832
90845
90854
90867
90876
90889
90898
90900
90911
90922
90933
90944
90955
90966
90977
90988
90999
91008
91019
91080
91091
91109
91118
91181
91190
91228
91239
91282
91293
91329
91338
91383
91392
91448
91459
91484
91495
91549
91558
91585
91594
91668
91679
91686
91697
91769
91778
91787
91796
91800
91811
91822
91833
91844
91855
91866
91877
91888
91899
91901
91910
91923
91932
91945
91954
91967
91976
91989
91998
92029
92038
92083
92092
92128
92139
92182
92193
92209
92218
92281
92290
92308
92319
92380
92391
92469
92478
92487
92496
92568
92579
92586
92597
92649
92658
92685
92694
92748
92759
92784
92795
92803
92812
92821
92830
92847
92856
92865
92874
92902
92913
92920
92931
92946
92957
92964
92975
93028
93039
93082
93093
93129
93138
93183
93192
93208
93219
93280
93291
93309
93318
93381
93390
93468
93479
93486
93497
93569
93578
93587
93596
93648
93659
93684
93695
93749
93758
93785
93794
93802
93813
93820
93831
93846
93857
93864
93875
93903
93912
93921
93930
93947
93956
93965
93974
94049
94058
94085
94094
94148
94159
94184
94195
94269
94278
94287
94296
94368
94379
94386
94397
94409
94418
94481
94490
94508
94519
94580
94591
94629
94638
94683
94692
94728
94739
94782
94793
94805
94814
94827
94836
94841
94850
94863
94872
94904
94915
94926
94937
94940
94951
94962
94973
95048
95059
95084
95095
95149
95158
95185
95194
95268
95279
95286
95297
95369
95378
95387
95396
95408
95419
95480
95491
95509
95518
95581
95590
95628
95639
95682
95693
95729
95738
95783
95792
95804
95815
95826
95837
95840
95851
95862
95873
95905
95914
95927
95936
95941
95950
95963
95972
96069
96078
96087
96096
96168
96179
96186
96197
96249
96258
96285
96294
96348
96359
96384
96395
96429
96438
96483
96492
96528
96539
96582
96593
96609
96618
96681
96690
96708
96719
96780
96791
96807
96816
96825
96834
96843
96852
96861
96870
96906
96917
96924
96935
96942
96953
96960
96971
97068
97079
97086
97097
97169
97178
97187
97196
97248
97259
97284
97295
97349
97358
97385
97394
97428
97439
97482
97493
97529
97538
97583
97592
97608
97619
97680
97691
97709
97718
97781
97790
97806
97817
97824
97835
97842
97853
97860
97871
97907
97916
97925
97934
97943
97952
97961
97970
98001
98010
98023
98032
98045
98054
98067
98076
98089
98098
98100
98111
98122
98133
98144
98155
98166
98177
98188
98199
98203
98212
98221
98230
98247
98256
98265
98274
98302
98313
98320
98331
98346
98357
98364
98375
98405
98414
98427
98436
98441
98450
98463
98472
98504
98515
98526
98537
98540
98551
98562
98573
98607
98616
98625
98634
98643
98652
98661
98670
98706
98717
98724
98735
98742
98753
98760
98771
98809
98818
98881
98890
98908
98919
98980
98991
99000
99011
99022
99033
99044
99055
99066
99077
99088
99099
99101
99110
99123
99132
99145
99154
99167
99176
99189
99198
99202
99213
99220
99231
99246
99257
99264
99275
99303
99312
99321
99330
99347
99356
99365
99374
99404
99415
99426
99437
99440
99451
99462
99473
99505
99514
99527
99536
99541
99550
99563
99572
99606
99617
99624
99635
99642
99653
99660
99671
99707
99716
99725
99734
99743
99752
99761
99770
99808
99819
99880
99891
99909
99918
99981
99990
